9.319866505521576805e-01 -6.299547902831135332e-03 5.006562253219217634e-02 1.271635422420433759e-01 6.675546876514079631e-02 1.308128949276193484e-02 6.750903030139159336e-03 5.719071837777624234e-02 -1.760828959646559555e-01 4.456826600055766030e-02 -7.395852702479817353e-02 -2.402568998526097288e-02 2.916838186515988141e-02 6.346913007586862943e-02 -6.859546040962540003e-02 5.224277728247941205e-02 5.606805645455337217e-02 5.091723937230800690e-02 5.214692719932762649e-02 2.653152553300996627e-02 -1.925060243124857191e-03 -5.369330540737469321e-02 -3.026121143098057381e-02 -9.841399103595342701e-02 3.438018248212746514e-02 1.159238544665605886e-01 -4.078936563936336017e-03 6.346913007586862943e-02 -2.402568998526097288e-02 3.438018248212746514e-02 -6.859546040962540003e-02 1.159238544665605886e-01 5.214692719932762649e-02 5.606805645455337217e-02 -5.369330540737469321e-02 -4.078936563936336017e-03 2.916838186515988141e-02 -3.026121143098057381e-02 5.224277728247941205e-02 2.653152553300996627e-02 -1.925060243124857191e-03 5.091723937230800690e-02 -9.841399103595342701e-02 2.179963605055736664e-01 3.091459241790301543e-02 3.095390265871785299e-02 2.556680885401700354e-01 1.577101717051108132e-01 -1.694666852561157663e-02 -4.581407544136153476e-01 3.875222672840627353e-02 -2.840995541452974449e-02 4.891200921647202021e-02 -9.706635450182516181e-03 5.670790414525665735e-02 -3.322767407092381414e-04 -6.046355755760764866e-02 9.959630573067989462e-05 -7.654573560684989342e-02 4.348274179606789747e-02 -2.726168219922154787e-02 1.938856151519031609e-02 1.598046298247441516e-02 2.973670932082110585e-02 -3.228491789888601055e-02 -4.337868616016842677e-02 -3.843988768351332963e-01 2.861401688956922290e-02 2.307048340598901737e-01 -1.041727191161178484e-02 7.573171347627000172e-02 -2.874246196955546062e-02 1.027855621095804736e-02 1.193571222905516135e-03 -3.745105711746210889e-03 -7.276980404950861639e-03 -4.034134585026795394e-02 4.034134585026798170e-02 2.190067367258082681e-02 2.210225703844035175e-02 2.677016364173995938e-02 4.381428934252822385e-03 3.067786533581791895e-03 -1.146861226094666661e-02 -2.098435274807446821e-03 3.733557121031598567e-03 -3.324386196526284837e-02 2.681485654128721446e-02 7.703715295532093891e-04 -1.191946904651080934e-02 1.769995454170412638e-02 -7.639989603980452265e-03 -1.648481567528654965e-03 3.702338896707207949e-03 2.385744704856331694e-04 -8.937779956008013935e-03 7.664038317550596682e-03 -7.941642249129821432e-03 1.878238008831382196e-03 -2.047692244012968427e-02 2.050166696795133192e-02 2.089044749024028536e-02 -2.641925345383227489e-03 -1.308253727885802953e-03 -8.867202256300265109e-04 -3.669477142267104329e-03 1.890033921945508122e-02 7.625910680616271309e-03 -7.738175805497412608e-03 1.397354491818438189e-02 -1.785612041180853222e-03 1.278701318890228603e-03 -4.513759535836920841e-03 -4.149505749764262341e-03 2.104214562628550084e-02 8.035432147089911770e-03 -1.079683800407061928e-03 -7.821054904851833245e-03 -7.458951963743786287e-03 2.961466102201528935e-02 -1.014678950626364540e-02 -5.783333327872697402e-04 1.595089523716404847e-02
-6.299547902831135332e-03 6.000507331232403097e-01 -2.088625265204791925e-03 -2.294619168094890350e-03 -9.525594719748517371e-04 -2.669810558789280689e-04 -1.634335991854212909e-03 -2.354489022119207915e-03 -1.345714557105351199e-02 -1.209815018347530245e-03 -6.030986933479444249e-04 -1.503693076352601498e-03 -4.325622631417327382e-04 -7.900311059160675413e-04 -2.068165569923019649e-03 -3.219146474418239164e-04 -1.090040558051441882e-03 2.632416538505762821e-03 -1.143901050007766493e-03 -4.535245123548249787e-04 -1.735627558297181926e-03 -1.135080413776155166e-03 -2.953703244168244015e-03 -4.980119445674592582e-03 -1.395508754771858026e-03 2.949367815950080032e-02 -1.799829577454350581e-03 -7.900311059160675413e-04 -1.503693076352601498e-03 -1.395508754771858026e-03 -2.068165569923019649e-03 2.949367815950080032e-02 -1.143901050007766493e-03 -1.090040558051441882e-03 -1.135080413776155166e-03 -1.799829577454350581e-03 -4.325622631417327382e-04 -2.953703244168244015e-03 -3.219146474418239164e-04 -4.535245123548249787e-04 -1.735627558297181926e-03 2.632416538505762821e-03 -4.980119445674592582e-03 2.813909810625530965e-03 -1.228194177294258211e-03 -1.731643800363308339e-03 -1.726293875769699653e-03 8.517281539845272462e-03 -1.508765246836139763e-04 -7.605504781330420412e-03 -2.226753780976210070e-03 -1.232694315248439657e-03 -1.850542126880797694e-03 -1.184538133958536681e-04 3.452425415789397295e-02 -1.083845937332984614e-03 -3.775720745444730454e-03 -2.547136912019595020e-03 -2.279255235067857970e-03 -2.131504048074717161e-03 -3.549514595368551909e-03 -3.226348293919000226e-03 -2.371662496408674659e-03 -6.995777256136341202e-04 -2.903358867045979265e-03 -1.828990198449168946e-03 -4.891142145966490863e-03 3.963673195000877447e-03 -5.151139211103330021e-03 1.872374183902966380e-02 -3.623317304682420817e-03 -9.144027765218481563e-04 -8.252656223798282564e-03 1.138850409329347085e-02 -1.562336172095108887e-03 -9.638210328501002578e-04 2.087626685966991955e-03 -2.087626685966991955e-03 -1.625522199823366525e-04 -1.112598518137545255e-03 -9.543289926452906734e-04 -2.481326618995393306e-04 -3.357093146266176809e-04 -5.781345757749870463e-04 -1.734217156687070140e-04 -4.425184462700673216e-04 -1.527165379752238152e-03 -4.922157317592474376e-04 -1.367856858690733404e-04 -3.496605401634672421e-04 -1.403377153456588560e-04 -6.600854708821618554e-04 -5.017515987305875029e-04 -4.075599336778211392e-04 -2.190967165636432512e-04 -2.263147870255014936e-04 -5.982545882268927541e-04 -3.115520620977254955e-04 -4.315676067591380470e-04 -3.605726833096559582e-04 -3.388870173598655623e-04 -3.603655234794741471e-04 -1.594465361016082197e-04 -1.116964845727286726e-04 -2.508379882313855149e-04 3.123989047548446276e-03 -2.185378376022076568e-04 -3.532044440254345050e-04 -5.649488972417597435e-04 -5.759537093803864969e-04 -3.608713444454343276e-04 -3.031627370495093110e-04 -1.529012966618135960e-04 -1.275572288812595791e-04 -5.450331693883477468e-04 -4.976917737792150480e-04 -1.233037085796954372e-03 -3.188930722031905270e-04 -8.377236342955646556e-05 -3.585012199789996447e-04 -4.894160800475293735e-04 -1.001178959545810513e-04 -2.990800085359420976e-04
5.006562253219217634e-02 -2.088625265204791925e-03 1.016595928044740749e+00 -7.842797132916924652e-02 -5.564197368976315367e-02 -5.765802892637518148e-03 -5.338464509088798604e-02 -5.911500140414018001e-02 -4.011134086741033888e-01 -5.103463567315884297e-02 3.811239418616621522e-04 1.170877946867703544e-02 -1.634642611567017206e-02 -7.356486815935221052e-03 -2.226662156470882864e-02 -8.438320595191246137e-03 -1.390573481489814668e-02 -4.143312541290621737e-02 1.286611522478385561e-01 -3.710420508458302669e-03 -1.817240303155430101e-02 -5.326589439220833812e-03 3.989169649811232649e-02 -2.315797960801711450e-02 1.634810321294690501e-03 -1.553393643174917453e-02 -1.051352657978156524e-02 -7.356486815935221052e-03 1.170877946867703544e-02 1.634810321294690501e-03 -2.226662156470882864e-02 -1.553393643174917453e-02 1.286611522478385561e-01 -1.390573481489814668e-02 -5.326589439220833812e-03 -1.051352657978156524e-02 -1.634642611567017206e-02 3.989169649811232649e-02 -8.438320595191246137e-03 -3.710420508458302669e-03 -1.817240303155430101e-02 -4.143312541290621737e-02 -2.315797960801711450e-02 2.188532517285654826e-03 -5.243356555720614723e-03 5.634272374046196425e-04 9.366485395566807523e-03 3.487428743716901314e-02 -7.863006814011410869e-03 -2.967678625335325518e-02 -3.056291014903714243e-02 -8.579277103099009968e-03 -2.473796924079393195e-02 -3.763202943944204265e-03 -5.914444434783266286e-02 2.348559452143302306e-01 -1.890684466452572429e-03 -6.127740542447810551e-02 -2.399351726435532822e-02 1.083392310734902775e-02 2.255722461864689485e-02 -4.652743951859432403e-02 1.573400114818563067e-01 -1.540900230926789578e-02 -9.009649063565647320e-02 -1.137843867383696306e-02 -3.166477961991313872e-02 -7.113288618984514849e-04 -7.883903978808431273e-03 2.713023303522058699e-02 3.859683876403143671e-02 -1.425837064595867655e-02 -2.377144931791875387e-02 3.980645382565299595e-02 -1.986225042774155541e-02 1.422819823734206013e-02 4.342836510517104204e-02 -4.342836510517102122e-02 -7.884936816963910092e-03 2.179959255621751260e-02 6.382184501632255647e-03 9.587104166262353649e-03 1.087074092982121681e-02 -1.028263233230589796e-02 -6.391614125539322316e-03 -1.304200301847493679e-02 -1.925657031170657091e-02 -6.189475833800073094e-03 -3.997712394133747828e-03 -3.027849846805458212e-04 -6.243022393672954459e-03 -4.315620481659471902e-03 4.870854112333016135e-03 3.417867114018710052e-03 -1.772468375183678096e-03 -7.189878049312597649e-03 1.813548735075062347e-04 -1.395469676954164649e-02 -9.320263369351960980e-03 -2.148039358712662463e-03 -1.456780637003230513e-03 -8.261359396462004956e-03 -3.443455177180191739e-03 -2.412230754451082353e-03 7.545216620456602317e-04 2.911368499643161509e-02 -6.720489207188310408e-03 2.134831284739077163e-03 2.139055255847999420e-03 2.200058906979850994e-03 -3.124928665050692917e-04 -1.336466787738107773e-02 -3.302102224738471658e-03 5.875992034634796787e-03 -6.709708852150567983e-03 -5.745959085789882279e-03 -1.164833715545049442e-02 -7.860146782412525540e-03 6.600638131739459437e-03 -1.321288659154283909e-02 7.504662785477907161e-04 -2.162176084738764645e-03 -2.589852883020693258e-04
1.271635422420433759e-01 -2.294619168094890350e-03 -7.842797132916924652e-02 9.820935114438360536e-01 -5.865904021978043253e-02 -6.334464136442100393e-03 -5.737540930867925104e-02 -6.436291440062957836e-02 -4.328898596679814359e-01 -5.431329086332409295e-02 -4.271309110507425649e-02 -7.389676075299602027e-03 7.745168968315209457e-02 2.800480097918250488e-03 -2.062850316339121665e-02 1.219406054930782801e-02 -3.985375918638313190e-03 1.082350913104586712e-02 -1.559197083101417775e-02 -1.076044421598591240e-02 4.723071897478682210e-03 -9.809986724601135744e-03 -1.105372383423383967e-02 -1.660784126369878322e-02 -2.733130015765159425e-03 4.181210630568723413e-02 -5.636272042991835249e-03 2.800480097918250488e-03 -7.389676075299602027e-03 -2.733130015765159425e-03 -2.062850316339121665e-02 4.181210630568723413e-02 -1.559197083101417775e-02 -3.985375918638313190e-03 -9.809986724601135744e-03 -5.636272042991835249e-03 7.745168968315209457e-02 -1.105372383423383967e-02 1.219406054930782801e-02 -1.076044421598591240e-02 4.723071897478682210e-03 1.082350913104586712e-02 -1.660784126369878322e-02 1.016172091236392239e-01 -8.897849461314468605e-05 -8.360500504362934973e-03 -4.298592682394426073e-03 -1.304293758077251786e-02 8.232673783241689636e-03 -9.395145212535817303e-02 1.491478551719527604e-02 -2.434852021076727019e-02 2.338492192955542726e-01 -4.049459236324682958e-03 -6.439623564218897867e-02 -3.785796684933115386e-02 -2.305398804495522452e-02 -5.320577586186496510e-02 -5.091194355805361837e-02 -3.840934913337364347e-03 -8.332503909012528576e-02 7.367570333260282933e-02 9.441184375683175575e-03 -1.690755376009669617e-02 3.305080830001398684e-02 -4.961494750693567525e-03 -6.420607744304375475e-02 -3.332118653000484820e-02 1.045785599006508748e-01 -2.609068516132924571e-03 -3.939742470236994032e-02 -1.453633190625918357e-02 5.018122009668251476e-02 -5.039190264518468576e-02 -9.557233683460640561e-03 1.554293319378532079e-03 -9.937592966779830450e-02 9.937592966779831838e-02 1.477071685944110480e-02 2.470668742234049392e-02 8.430444276705477413e-02 -8.378469315486018754e-04 -9.073999145119603094e-03 -7.938687770892903159e-03 -6.835560877420138355e-03 4.703614950996911487e-03 -1.419392853494187007e-02 2.971569534474854425e-03 6.932602648863224817e-03 -8.981892340609224853e-03 4.910790130085173483e-03 3.985020690852459149e-03 -2.047456189480692870e-03 5.005558333726182335e-03 1.663958973365669072e-02 -7.736791905334614375e-03 -1.224972652174794591e-02 1.578849885690790898e-03 1.160534066239777076e-02 -1.689201092549608152e-02 -3.144726961231412640e-03 4.036658996685782777e-03 -3.783071279309990764e-03 -2.650140750112060621e-03 -8.098106550313174251e-03 1.209919853865796917e-02 7.138016699185623960e-03 3.802465654410984485e-04 -5.487266999612334939e-03 -1.172147344698526612e-02 5.571555004793997401e-03 1.546647545023237431e-03 -3.627777172920085801e-03 4.463566896954650719e-03 9.473156104580335649e-03 -7.319581351977168249e-03 -1.450777455433556636e-03 -8.566801076587329117e-03 -3.740074469207176934e-03 2.518657475957724115e-02 -1.212393210213405167e-02 -2.375424051166183381e-03 -7.682606783829930459e-03
6.675546876514079631e-02 -9.525594719748517371e-04 -5.564197368976315367e-02 -5.865904021978043253e-02 9.663107986868233468e-01 -2.629610131801808290e-03 -3.868820283154747464e-02 -3.351449807870875847e-02 -2.705318582336151412e-01 -4.302183091258122982e-02 -2.409917828350201935e-02 3.482709074969823166e-04 4.919492215221862169e-02 -8.896603370206068381e-03 -7.877456011752343584e-03 1.909262836301440711e-02 -1.080716931080570944e-02 -9.050476857989597779e-03 -6.057405819848332533e-03 -4.466956087138055677e-03 -7.086530210924446918e-03 -5.644736917129608393e-03 1.217927282815697843e-02 2.541492028118180323e-03 -6.288222120390585083e-03 3.474373642868329969e-03 -1.475879148250215309e-02 -8.896603370206068381e-03 3.482709074969823166e-04 -6.288222120390585083e-03 -7.877456011752343584e-03 3.474373642868329969e-03 -6.057405819848332533e-03 -1.080716931080570944e-02 -5.644736917129608393e-03 -1.475879148250215309e-02 4.919492215221862169e-02 1.217927282815697843e-02 1.909262836301440711e-02 -4.466956087138055677e-03 -7.086530210924446918e-03 -9.050476857989597779e-03 2.541492028118180323e-03 4.678766240373161828e-02 -1.011826823879880335e-02 -4.409122583089839127e-03 5.209615039386591984e-03 -7.726675327801990102e-03 -7.236654020994997757e-03 -4.139000854972042787e-02 1.097874768614206797e-01 -3.194186192361886389e-02 2.618254315785168221e-02 -2.671644184621333774e-03 -3.351696036507430948e-02 -2.177125757887459975e-02 -2.487076792522339638e-02 -2.836165245060228574e-02 -2.820600213553633648e-02 -1.872293980185189832e-02 -4.360635749371845338e-02 -1.328948301790201791e-02 -2.137725238662684796e-02 -7.265990596107795886e-03 8.061271078644369203e-02 -1.703001053127701364e-02 -2.213845879218166376e-02 -1.874025446117298307e-02 5.735084689523726326e-02 -2.155009413311052835e-02 -1.431797996385527488e-02 -1.402498064402251613e-03 2.259527125429286465e-02 -3.509549712575358443e-02 1.834793709508818552e-02 -6.939426190132976478e-03 -5.704820141443248116e-02 5.704820141443248116e-02 4.110145763988546502e-02 6.206936633591018763e-03 1.006611305921024796e-01 -6.226960712476987264e-03 -4.653432984150212594e-03 -2.540430698179042563e-03 -5.013058877148412855e-03 1.898671719668862390e-02 -8.570588078167459128e-03 1.234763858338473914e-03 -2.650645327580521821e-03 -4.276905042187507076e-03 1.162496426459135382e-02 -1.012429772766731267e-03 -3.943464998277163881e-03 -6.744605588366629594e-03 2.189731220523872916e-03 -5.104374163368259956e-03 -1.347269580329061613e-02 6.042098171940924259e-03 -4.250693172051191702e-03 5.076190260851576319e-02 4.836327964347707231e-03 -3.693627113883668663e-03 -1.570456845460995289e-03 1.244540445621534520e-02 -5.078047551601678859e-03 -7.241169131180402035e-03 1.655053097784351529e-02 9.677108876175731164e-03 -6.192521306929480406e-04 -7.824997474470504755e-03 -4.414031025398749628e-03 -3.760176138554810477e-03 -1.505989994473659783e-03 -4.902715420578638954e-03 7.575469180813268477e-03 -5.476807070394223639e-03 2.431585472175586127e-02 -4.356363672324394323e-03 -2.953746242252739719e-03 -1.036310658301956705e-02 -5.442264945383238316e-03 -9.861037994259142479e-04 5.409212543760403072e-03
1.308128949276193484e-02 -2.669810558789280689e-04 -5.765802892637518148e-03 -6.334464136442100393e-03 -2.629610131801808290e-03 1.142658534024917127e+00 -4.511704108133088482e-03 -6.499739249817443679e-03 -3.714943515854340211e-02 -3.339782893825716040e-03 -6.448264554047637188e-03 -4.151054779289798866e-03 -1.194119782814997283e-03 -2.180938683280728325e-03 -5.709322406546587375e-03 -8.886689423540144930e-04 -3.009136730944337972e-03 7.266978497862597829e-03 -3.157822560562421367e-03 -1.251987605810310749e-03 -4.791326889934027777e-03 -3.133472548742798590e-03 -8.153913960983791287e-03 7.615901253385178732e-03 -3.852404042510088143e-03 1.722016341533713982e-02 -4.968561262197791067e-03 -2.180938683280728325e-03 -4.151054779289798866e-03 -3.852404042510088143e-03 -5.709322406546587375e-03 1.722016341533713982e-02 -3.157822560562421367e-03 -3.009136730944337972e-03 -3.133472548742798590e-03 -4.968561262197791067e-03 -1.194119782814997283e-03 -8.153913960983791287e-03 -8.886689423540144930e-04 -1.251987605810310749e-03 -4.791326889934027777e-03 7.266978497862597829e-03 7.615901253385178732e-03 1.821254813855776623e-03 2.290931919735426578e-02 -4.780329434621212112e-03 1.230873859002090849e-02 -1.108310777540866265e-02 -4.165056877096451012e-04 -2.091330065419121694e-03 -6.147116768828159335e-03 -3.402942867254649985e-03 6.380698706232791617e-02 -3.270004204680478370e-04 -6.505270872067909702e-03 -2.992036027121293927e-03 -1.042315342946021142e-02 -7.031557848088585382e-03 8.408747959602939914e-03 -5.884172910669953523e-03 8.784985082626558736e-03 4.834253308362961303e-05 -6.547147882367275289e-03 -1.931235507472666433e-03 -8.014934623678977854e-03 -5.049061290459966496e-03 1.922767116829165318e-02 -1.615862570658165367e-02 -8.181032261260387864e-03 9.992511052960034723e-03 9.334045728322581947e-03 -2.524275781653260650e-03 -5.949809712971294330e-03 1.254147034868986765e-03 1.275591500238613084e-02 -2.660698494733455127e-03 -5.309670375682630896e-04 5.309670375682656917e-04 1.307105414764411213e-03 -3.071409630578279901e-03 -1.267736576126786766e-02 -6.849883718121037648e-04 -9.267501306271002303e-04 -1.595982804990430130e-03 -4.787433373071422939e-04 -1.221604554945585628e-03 -4.215851790555557276e-03 -1.358797548443946420e-03 -3.776068959781445989e-04 -9.652635096884406001e-04 -3.874125332897980197e-04 -1.822214248196869909e-03 -1.385122007064500810e-03 -1.125099022630427544e-03 -6.048325198276856968e-04 -6.247585315646788815e-04 3.658930254624321449e-02 -8.600622671650413713e-04 -1.191373961080614526e-03 -9.953872794071861110e-04 -9.355224115703437157e-04 -9.948153995349912678e-04 -4.401638313924104086e-04 -3.083463197423835355e-04 -6.924566231300582258e-04 -1.141735817119231495e-03 -6.032896935551368411e-04 -9.750467156463753053e-04 -1.559582774457129832e-03 -1.589962363710218729e-03 -9.962117553287937535e-04 -8.369029214287482341e-04 -4.220952189307073201e-04 -3.521310651138995088e-04 -1.504603950260605420e-03 -1.373914563183706002e-03 -3.403889110438569534e-03 -8.803276627846255524e-04 -2.312597398067427657e-04 -9.896688532908747785e-04 -1.351068905012956260e-03 -2.763827785273961259e-04 -8.256322505877734851e-04
6.750903030139159336e-03 -1.634335991854212909e-03 -5.338464509088798604e-02 -5.737540930867925104e-02 -3.868820283154747464e-02 -4.511704108133088482e-03 9.630578465911232566e-01 -4.511356720271015447e-02 -2.985846889855870989e-01 -3.648885985320732273e-02 -1.413244983159343826e-02 -8.925664055105052936e-04 1.034772101246894324e-02 -9.536196097687597850e-03 -2.686409476414821501e-02 1.165008395783962841e-01 -1.709548226486244313e-02 -4.472599743810833778e-02 5.915011080977474606e-02 -7.664095861760107826e-03 -2.583795559126921687e-02 -1.272564853590544762e-02 1.642940976213074639e-02 1.950388262657734573e-02 -2.030073115648581977e-02 -1.835814082027092259e-02 -1.013483032974139310e-02 -9.536196097687597850e-03 -8.925664055105052936e-04 -2.030073115648581977e-02 -2.686409476414821501e-02 -1.835814082027092259e-02 5.915011080977474606e-02 -1.709548226486244313e-02 -1.272564853590544762e-02 -1.013483032974139310e-02 1.034772101246894324e-02 1.642940976213074639e-02 1.165008395783962841e-01 -7.664095861760107826e-03 -2.583795559126921687e-02 -4.472599743810833778e-02 1.950388262657734573e-02 -1.142062969311102502e-02 -6.965969714766563452e-04 5.854630055775793263e-03 -1.373716036400482281e-02 2.146433064170993540e-02 -5.515790772170207565e-03 -1.461667680929708280e-04 9.078887426397570792e-03 2.304703107987233698e-02 -2.105820993211770381e-02 -2.777988485228179150e-03 -4.513851945545616084e-02 1.107206362389380194e-01 -9.765942367849177880e-03 -3.942255138371859174e-02 -3.067187032114585682e-02 -1.192224156324054977e-02 3.689053721454001872e-02 -4.646865769775857663e-02 1.148186553997854187e-01 -1.201584862641510119e-02 -6.576193666650895220e-02 -8.986595818045454293e-03 -1.697229076757082386e-02 1.290310476220557674e-02 -7.624282434425030258e-03 -9.349969626817911453e-03 2.542042175826239592e-02 -6.961464199671323419e-03 -1.868839354730961883e-02 1.597119312605888367e-02 1.589362673321807057e-02 -2.568682757487293460e-03 2.076561913981437441e-02 -2.076561913981434665e-02 -1.357052665822944953e-02 -2.993642035747690316e-03 -2.845174903400039465e-02 5.023295567533225814e-03 -6.367859069390124742e-03 -1.122082351561793853e-02 -4.635326370448126544e-03 -9.723168417721391246e-03 -2.522738428263530258e-02 -9.285601293157665775e-03 1.240700131863178499e-02 3.497221093718112274e-03 -4.440772896816747549e-03 -5.025314327837405136e-03 -3.696674779437358459e-03 -1.169475823892520729e-02 -6.443515710413626717e-03 -5.307552828987223588e-03 -8.216319760381798898e-03 2.373309213656262656e-02 -7.293046834133129833e-03 3.138963179407004006e-02 -8.033020001084537065e-03 1.532023836416918083e-02 -2.694481784817650844e-03 -1.887555229908130039e-03 -5.583805668591406042e-03 2.488501418455617634e-02 -4.981956834701928294e-03 -6.547437589134901155e-03 -1.071616068515266092e-02 -6.776158523465495784e-04 -6.541758858849534841e-03 -2.333398681275795743e-03 -2.583873998163045693e-03 -4.036353901114676269e-03 -3.677323388450697526e-03 -8.706970698201822387e-03 -4.683330108492377714e-03 -6.015886394055191926e-03 1.005423072151587910e-02 -2.859291248231015520e-03 -8.591346237937150590e-03 -1.691889040549197703e-03 2.991326713823452051e-03
5.719071837777624234e-02 -2.354489022119207915e-03 -5.911500140414018001e-02 -6.436291440062957836e-02 -3.351449807870875847e-02 -6.499739249817443679e-03 -4.511356720271015447e-02 9.430923111422405691e-01 -3.601447408975034792e-01 -3.678560424603771750e-02 -9.115650779026261349e-03 -9.419194526490717867e-03 1.304679712822840679e-03 1.030895198936080011e-02 2.433278928411174852e-02 -2.557484248145575328e-03 9.100034994984559922e-03 -3.077736675991425003e-02 -1.645195797996873779e-02 1.462388946943950566e-02 2.990813465644211536e-02 8.316149555058809789e-03 -2.831310761435364490e-02 3.445223177773993478e-02 8.036537733769317723e-03 1.959342170088508583e-02 -2.090050017404743860e-03 1.030895198936080011e-02 -9.419194526490717867e-03 8.036537733769317723e-03 2.433278928411174852e-02 1.959342170088508583e-02 -1.645195797996873779e-02 9.100034994984559922e-03 8.316149555058809789e-03 -2.090050017404743860e-03 1.304679712822840679e-03 -2.831310761435364490e-02 -2.557484248145575328e-03 1.462388946943950566e-02 2.990813465644211536e-02 -3.077736675991425003e-02 3.445223177773993478e-02 -1.542320071614911373e-02 -2.689648016716040223e-03 -2.301549579760174286e-03 6.342991149255657046e-02 -3.235942224120326449e-02 4.576746173073851717e-03 1.773933056864549634e-02 -7.250440020934284524e-02 -3.514444477056068855e-02 -4.700378654569485615e-02 -3.238540957549883824e-03 9.413696753713837184e-01 -3.125542180301285611e-02 -9.322187232071957319e-02 -6.508104497276123723e-02 -5.684615488406743328e-02 -5.615743270878356674e-02 -9.167712338951256035e-02 -8.733831859318197388e-02 -7.560462114034266490e-02 -1.711996864933861690e-02 -7.921435849021228603e-02 -2.405092631403266644e-03 7.150144135999773887e-02 -2.748446300155171773e-02 -3.483035862997901910e-02 4.038805842949604041e-02 -1.624032322174958839e-02 -2.707846113379464969e-03 -1.034166498599276701e-02 6.454540774281674297e-03 5.418097321966078989e-03 1.070893922221633973e-02 4.861766624623628519e-02 -4.861766624623627131e-02 8.570434292150248476e-03 -1.044713622854270482e-02 -1.392409549210593955e-01 1.202397088919634864e-02 -1.741188511387502941e-03 -6.418863184084589281e-04 -5.001051059308857585e-03 1.546448741254847353e-02 -1.499247179756452684e-02 1.092113149309291084e-04 -3.637325178120764946e-03 -8.708940602523104410e-03 -4.362202835338156205e-03 -1.035947732571947284e-02 1.890292568273872417e-03 -1.740409904869660157e-03 -6.586629465335024948e-03 -6.187472450814750398e-03 6.503132395165010966e-03 -9.712153886988181967e-03 2.174283225030936972e-03 3.332954985723752574e-03 -4.325414004342522517e-03 5.491114771411188464e-03 -3.881776950559451440e-03 7.947295759735439544e-03 -6.721356243117646186e-03 1.070383359359720725e-02 -5.909402138463889023e-03 2.379900593809320189e-03 -8.609154763282909906e-03 -5.901427091727896868e-03 -3.727118194258248994e-04 -3.292633919430189640e-03 -3.722431001663720380e-03 -3.964939176351608453e-03 1.061292815114855265e-02 -7.301120009320482673e-04 7.433630863014364064e-04 -8.050059773085630269e-03 -2.541227210902585829e-03 6.779456460879938057e-03 -1.206156121405328741e-02 -2.437402218681575423e-03 -3.088930607846937103e-04
-1.760828959646559555e-01 -1.345714557105351199e-02 -4.011134086741033888e-01 -4.328898596679814359e-01 -2.705318582336151412e-01 -3.714943515854340211e-02 -2.985846889855870989e-01 -3.601447408975034792e-01 9.835232060646301733e-01 -2.663404312962154297e-01 4.712098511252440364e-02 -4.112958125659354341e-03 -6.401548294323994304e-02 8.721279043959069208e-03 3.345785549181540947e-02 -6.054648122095475371e-02 2.279366187662522705e-02 5.572754603068247325e-02 -7.173213011782256232e-02 8.102464303159894951e-03 1.177518806080934781e-02 1.712615146644236655e-02 -1.685148715808033187e-02 -1.163934204690823641e-02 1.212385128672130094e-02 -1.445607389680408569e-02 1.959524285473745325e-02 8.721279043959069208e-03 -4.112958125659354341e-03 1.212385128672130094e-02 3.345785549181540947e-02 -1.445607389680408569e-02 -7.173213011782256232e-02 2.279366187662522705e-02 1.712615146644236655e-02 1.959524285473745325e-02 -6.401548294323994304e-02 -1.685148715808033187e-02 -6.054648122095475371e-02 8.102464303159894951e-03 1.177518806080934781e-02 5.572754603068247325e-02 -1.163934204690823641e-02 -6.266491995527090353e-02 9.450217602851453125e-03 4.474007066350892126e-03 -3.580869406315081299e-02 -9.924097324797568828e-03 4.498818048095046089e-03 8.266318288574463213e-02 -8.195751790153466346e-03 2.649326559328712277e-02 -9.598329723659652923e-02 -2.122374053017854825e-02 -3.603691399713281895e-01 -1.304475591552239078e-01 8.693991553931154637e-02 1.357597583987912304e-01 9.928776650895171363e-02 4.531059532898999015e-02 3.151878898028656617e-02 6.412854049342975316e-02 -9.773762785766695882e-02 3.817793512870100436e-02 8.614217523569796253e-02 2.325922982563353655e-02 4.431382920027075734e-02 2.838302240408197008e-02 -5.701330579216748462e-02 -1.596870614984016029e-02 -3.599231598417538223e-03 2.183428498114616673e-02 8.474707712247515901e-03 -7.426896135435223471e-03 -5.889053583760451432e-03 -1.799389724973262869e-02 1.895182227194462665e-02 -1.895182227194461277e-02 -1.354470557032515232e-02 -2.237386729124642148e-02 -8.515498486865074115e-03 -8.193679995463703375e-03 6.924405763648885243e-03 1.735606790056527099e-02 1.558334135701464757e-02 -6.520286960273730462e-03 4.840208154222875453e-02 7.801213358759595366e-03 -3.370964222078853302e-03 1.188898922034086099e-02 1.636881767326106487e-03 5.161972971969513470e-03 1.498817841199636368e-03 2.932266513893558128e-03 -1.171481785276343775e-03 1.759719796508260603e-02 3.112021521172938544e-03 2.580437570180384339e-04 7.208332093359766553e-04 -1.990867838185335706e-02 4.061147182069469938e-03 -5.009630998701527886e-03 8.538372785900404452e-03 -4.780401022014896077e-03 1.400593540457791691e-02 -3.887412682927569862e-02 -3.810620645636505870e-04 -1.635595069978736235e-03 1.451757817406318547e-02 4.476446501537939895e-03 3.577847399483967059e-03 1.093301606411326878e-02 8.187874771480510919e-03 1.487811752757492965e-03 -8.199008064388713796e-03 1.612193529882876425e-02 -4.530969712374383583e-03 1.939241991245074445e-02 -2.220262921140362094e-03 -5.205130663792598665e-03 2.110566448029268377e-02 5.361320095758873201e-03 2.965219176440658799e-03
4.456826600055766030e-02 -1.209815018347530245e-03 -5.103463567315884297e-02 -5.431329086332409295e-02 -4.302183091258122982e-02 -3.339782893825716040e-03 -3.648885985320732273e-02 -3.678560424603771750e-02 -2.663404312962154297e-01 1.028993395792886067e+00 -4.851079109713248363e-03 2.032169502234294073e-02 7.609956910753103328e-03 -1.067490354148723994e-02 -1.871645981481994542e-02 4.834710724238029667e-03 -1.603320785513420721e-02 -5.904932296896846407e-03 -5.534909495780733490e-03 -5.673336646705387336e-03 -1.587907579277108780e-02 -1.331447482362952024e-02 1.357887989187718872e-02 1.845869481546988378e-02 -1.103571688698009104e-02 -1.874463782522366173e-02 2.280313965049238396e-03 -1.067490354148723994e-02 2.032169502234294073e-02 -1.103571688698009104e-02 -1.871645981481994542e-02 -1.874463782522366173e-02 -5.534909495780733490e-03 -1.603320785513420721e-02 -1.331447482362952024e-02 2.280313965049238396e-03 7.609956910753103328e-03 1.357887989187718872e-02 4.834710724238029667e-03 -5.673336646705387336e-03 -1.587907579277108780e-02 -5.904932296896846407e-03 1.845869481546988378e-02 -1.119743211197886737e-02 -5.262308250608013771e-03 2.178323029328031128e-03 1.271939741336576210e-02 2.580246032789678193e-02 -5.971501184335528331e-03 -1.082479011936342446e-02 1.404418005509500481e-02 3.570463340789585549e-02 -2.267808182744164569e-02 8.057030739229961713e-02 -3.679840251953246655e-02 1.325687328065815185e-02 -2.938123775742746205e-02 -2.902306556378397157e-02 -1.092213909672800146e-02 -2.081852618469696298e-02 1.441311293260671977e-01 -3.603652938603161410e-02 1.732202783087936210e-02 -9.018043344183820226e-03 -5.741725602405172574e-02 -5.981428716413335345e-03 -2.891117865613697380e-02 2.157568854042749701e-02 -3.990949451429439548e-03 -1.578125445965075993e-02 2.411307435871481303e-02 -1.882933395816239856e-03 -5.585714205432779078e-02 5.243936905482839833e-02 1.284030253484706383e-02 2.217126186293328152e-02 1.461448970970596201e-02 -1.461448970970597415e-02 -1.585626218228258430e-02 1.543229634190530081e-03 -3.329371393832795609e-03 -5.790710269072917721e-03 -5.156104603300884839e-03 -2.756255826812277487e-03 -4.516609678534523262e-03 -1.114290256303147528e-03 -2.140813711979833514e-02 -7.489735180683979032e-03 -2.636784935894342582e-03 -4.965623206728560224e-03 -4.604677851710212502e-03 7.325613655813205741e-03 -1.686349907432936265e-03 2.581802342950831591e-03 -6.514917722736197556e-03 -4.873131082739620007e-03 2.165090096690592755e-02 -3.748165754345486600e-03 3.337038523880728799e-03 -1.170247001499959832e-02 6.304664050000409817e-03 -2.090941797060878477e-03 -1.994586514756947586e-03 -1.397260218513948250e-03 -4.989662212509814176e-03 8.400756610238056810e-03 -4.508484829198982149e-03 -5.215138516311888447e-03 -8.676957959711698032e-03 2.098398859212952799e-02 -5.124830848181233071e-03 -1.441818315134595595e-03 -1.912709249552356277e-03 -4.185332112671109363e-03 -1.320960191086680263e-03 -6.634091644784474891e-03 1.021451500213445968e-02 -4.852393996471306495e-03 -2.559717538748230471e-03 -1.475398652590331327e-03 -6.563924869538334192e-03 -1.252418585184147384e-03 -4.247315497365712622e-03
-7.395852702479817353e-02 -6.030986933479444249e-04 3.811239418616621522e-04 -4.271309110507425649e-02 -2.409917828350201935e-02 -6.448264554047637188e-03 -1.413244983159343826e-02 -9.115650779026261349e-03 4.712098511252440364e-02 -4.851079109713248363e-03 9.926241732156915187e-01 -7.654876291111536481e-03 -1.190576186085761518e-02 2.848172958705263644e-02 9.525883130708805505e-03 -1.044557755858407412e-02 3.377291208298533604e-02 -4.124564357645467763e-03 -1.440337884342032110e-02 1.199309133360756258e-02 2.384515059968910292e-02 2.293587146201059215e-03 1.315572212660738941e-03 -4.442580592288867050e-03 1.290452347112292474e-02 -3.259597411080158557e-03 -1.246963670779024751e-02 2.848172958705263644e-02 -7.654876291111536481e-03 1.290452347112292474e-02 9.525883130708805505e-03 -3.259597411080158557e-03 -1.440337884342032110e-02 3.377291208298533604e-02 2.293587146201059215e-03 -1.246963670779024751e-02 -1.190576186085761518e-02 1.315572212660738941e-03 -1.044557755858407412e-02 1.199309133360756258e-02 2.384515059968910292e-02 -4.124564357645467763e-03 -4.442580592288867050e-03 -2.672076840971227343e-02 1.350491580634417821e-03 2.816939448357286963e-02 -2.765046874916781555e-02 -2.196873738240298982e-02 3.154199388477210361e-03 4.358095301813471462e-02 -1.264663845886275506e-02 7.527391788547692017e-03 -4.099998896015399907e-02 3.877355326248002002e-03 -9.137460931993676705e-03 1.395701245481523189e-02 4.706140435904074921e-04 1.247858453248134984e-02 1.944900716461455889e-02 4.311308326374568671e-03 5.252429028667969339e-03 7.707081418517312994e-03 -2.019500911280387029e-02 1.616462471185547978e-03 1.401377254093833999e-02 3.779656203689197441e-02 1.241712237486514679e-02 1.083652510462632980e-02 -2.041452390940416695e-02 -2.149433007644553292e-02 -3.820994954317581856e-03 3.873880690172965338e-03 -4.639337107873164195e-02 1.113897214288650378e-01 -5.916304302255849523e-02 -6.710491449099931227e-02 -2.611226869431244879e-02 2.611226869431244532e-02 6.516862510378991676e-03 -3.126857387965657244e-03 -3.037944259779120498e-02 2.379669959203342244e-03 3.140569843151691000e-03 3.640259523945704040e-02 -4.762973650031344930e-03 -2.161127726455890768e-02 1.313968374547722084e-01 -6.788629478959412079e-03 6.393377294027426105e-03 2.407962938351055487e-02 -3.827260416218641881e-03 -2.102502984491152679e-02 -7.537405267378264120e-03 -4.165347057692684631e-03 -3.751744249137004862e-03 -1.353047729856592801e-02 -1.879613117607771208e-02 -6.421337926034758475e-03 2.206307001737045984e-02 -3.024109693494017072e-03 2.060166533786046000e-02 -4.115974236988607015e-04 6.621635830368157762e-03 2.355632058626365780e-03 -2.560345515984480298e-03 -6.826481554539071128e-02 -1.134355815194320639e-02 1.108410295971470200e-02 1.308320326573849529e-02 2.538196565260740067e-03 2.359958616800936562e-02 3.315917940308213494e-03 -2.084294649546817105e-02 -1.280495306153013949e-03 -1.138265043363552616e-03 2.072287088306905972e-03 1.522838112030923917e-03 5.560900226351299380e-03 3.906726520469624986e-03 -4.455599935112274264e-03 3.287374372589877553e-02 -3.321061899872547289e-03 -3.553277767920204073e-03
-2.402568998526097288e-02 -1.503693076352601498e-03 1.170877946867703544e-02 -7.389676075299602027e-03 3.482709074969823166e-04 -4.151054779289798866e-03 -8.925664055105052936e-04 -9.419194526490717867e-03 -4.112958125659354341e-03 2.032169502234294073e-02 -7.654876291111536481e-03 9.407561972900767566e-01 -2.406500267133846599e-02 -1.271339524416037307e-02 -3.350058405689210206e-02 -2.002847559092039986e-02 -1.824929240820797119e-02 -1.197082824690021419e-01 -3.916294764730622602e-02 -7.051455723473268149e-03 -2.857566844261548444e-02 -1.888367299877499045e-02 -7.609855576306009950e-02 -9.392174654606741391e-02 -2.301499129130718524e-02 -2.486182018985641853e-02 -3.713538929388970899e-02 -1.271339524416037307e-02 9.407561972900767566e-01 -2.301499129130718524e-02 -3.350058405689210206e-02 -2.486182018985641853e-02 -3.916294764730622602e-02 -1.824929240820797119e-02 -1.888367299877499045e-02 -3.713538929388970899e-02 -2.406500267133846599e-02 -7.609855576306009950e-02 -2.002847559092039986e-02 -7.051455723473268149e-03 -2.857566844261548444e-02 -1.197082824690021419e-01 -9.392174654606741391e-02 -1.571081192556677414e-02 -2.257666068420307367e-03 -6.948662341852212751e-03 -1.678744053113404022e-02 3.870767121298303998e-02 7.975941497726884294e-03 -2.709710192128989524e-03 -8.214464237534684944e-04 3.349635898094228265e-02 -1.992854915892911666e-02 -2.421841189355677937e-03 -9.495840857304010951e-03 9.577466721375582290e-03 -1.499756984668239139e-02 -2.314580613599529282e-02 -1.198335681639312207e-02 -1.435046599546117331e-02 4.871559150534448407e-02 -7.197571463704581507e-03 3.472570304001974112e-03 -6.108831746442844497e-03 2.000430514579558741e-03 -1.957666535344887437e-02 -1.516291084813965739e-02 2.091666286321008233e-02 -2.120030238002081416e-02 1.390182178628130219e-02 2.338057460809445792e-02 -3.625576260271675018e-04 -9.758896746834793204e-03 1.209128053770503614e-02 -1.102356330630095867e-03 1.017024553157070115e-03 2.562568534872903050e-02 -2.562568534872903050e-02 -6.737506024195171785e-03 9.657833932508345931e-03 -7.376505916319895176e-03 -5.316220370367970641e-03 1.188148039017713348e-02 -3.939789369601026832e-03 -3.970335560617325316e-03 -8.558129841638504806e-03 -2.000182082116963578e-02 7.985869606218160346e-03 -2.629173619388280522e-03 -5.757640794824385629e-03 1.376559829966174722e-02 -3.004512926533020427e-03 -6.085631608208962560e-03 1.716642214245359815e-02 4.476576214648112992e-03 7.911354456105079702e-03 -4.988672866430098225e-03 4.104997463591020593e-03 9.843032114703815713e-03 -4.701043257910068537e-05 -4.933960768533944205e-04 -8.250247364775569608e-03 -2.479094644175228179e-03 -1.736670883217162221e-03 -4.905143121030720865e-03 9.901036384301328819e-03 -4.361078798633525634e-03 8.752267252525520666e-03 2.740785828968398188e-02 1.477550429584889146e-03 -5.942242077102903412e-03 -7.995548805542301157e-03 -2.377328444440179270e-03 1.251197205735431889e-02 -6.315759836322269033e-03 -7.959751732534586094e-03 -9.058218879893395817e-03 1.047409179655828249e-02 1.180063413000558351e-02 6.688899207470261343e-03 -7.849185131040143856e-03 -1.556645542234213206e-03 -4.924762906493924258e-03
